1 0.3770937075599819 0.5594812164579607 0.38003621548211863 0.5612701252236136 0.3834314169307379 0.5952593917710197 0.38773200543232234 0.6091234347048301 0.38048890900860116 0.6153846153846154 0.370076957899502 0.6127012522361359 0.37437754640108645 0.603309481216458 0.3768673607967406 0.5594812164579607
1 0.18017202354006337 0.5254919499105546 0.18583069262109553 0.5576923076923077 0.1908103214124038 0.567531305903399 0.1810774105930285 0.5733452593917711 0.17315527387958352 0.5711091234347049 0.1767768220914441 0.5594812164579607 0.17768220914440924 0.5259391771019678 0.17994567677682208 0.5254919499105546
1 0.3454051607062019 0.5541144901610018 0.34925305568130377 0.5554561717352415 0.3531009506564056 0.5916815742397138 0.35830692621095517 0.5988372093023255 0.35785423268447264 0.6024150268336315 0.34925305568130377 0.6091234347048301 0.3395201448619285 0.6055456171735242 0.34359438660027164 0.5957066189624329 0.3454051607062019 0.554561717352415
1 0.2727478497057492 0.5411449016100179 0.27931190583974647 0.5782647584973166 0.2831598008148484 0.5845259391771019 0.2743322770484382 0.5934704830053668 0.26482571299230423 0.5889982110912343 0.2688999547306474 0.5836314847942755 0.27025803531009507 0.5451699463327371 0.27252150294250793 0.5411449016100179
1 0.20009053870529653 0.5290697674418605 0.21072883657763694 0.5706618962432916 0.2098234495246718 0.5746869409660107 0.20212765957446807 0.5782647584973166 0.19375282933454052 0.5746869409660107 0.19669533725667723 0.5661896243291592 0.19782707107288366 0.5326475849731663 0.19986419194205524 0.5290697674418605
1 0.32118605703938435 0.5496422182468694 0.3234495246717972 0.5532200357781754 0.3268447261204165 0.582737030411449 0.3311453146220009 0.5970483005366727 0.3245812584880036 0.603309481216458 0.31349026708918065 0.5992844364937389 0.31756450882752374 0.592128801431127 0.32095971027614306 0.5500894454382826
1 0.29334540516070623 0.5460644007155635 0.2967406066093255 0.5456171735241503 0.30149388863739246 0.5822898032200358 0.30692621095518335 0.5912343470483006 0.2978723404255319 0.5979427549194991 0.2894975101856043 0.5948121645796064 0.2919873245812585 0.5822898032200358 0.29334540516070623 0.5465116279069767
1 0.40493435943866 0.5635062611806798 0.40787686736079676 0.5796064400715564 0.40923494794024445 0.6153846153846154 0.40810321412403805 0.6211985688729875 0.39633318243549115 0.6162790697674418 0.4008601177003169 0.6059928443649374 0.40244454504300586 0.5670840787119857 0.4047080126754187 0.5635062611806798
1 0.22046174739701221 0.5322003577817531 0.2240832956088728 0.5344364937388193 0.2288365776369398 0.565742397137746 0.23426889995473066 0.5746869409660107 0.22634676324128564 0.5818425760286225 0.21502942507922138 0.5813953488372093 0.21910366681756452 0.5720035778175313 0.22023540063377095 0.5326475849731663
1 0.2550928021729289 0.5769230769230769 0.25645088275237665 0.5813953488372093 0.24807605251244907 0.5872093023255814 0.23856948845631507 0.5849731663685152 0.24241738343141694 0.5778175313059034 0.24332277048438208 0.5398032200357782 0.24468085106382978 0.535778175313059 0.24717066545948393 0.5384615384615384 0.2526029877772748 0.5737924865831843 0.25486645540968766 0.5769230769230769
5 0.517428700769579 0.5831842576028623 0.5138071525577185 0.5916815742397138 0.5138071525577185 0.5952593917710197 0.5525124490719783 0.6046511627906976 0.5717519239474875 0.6064400715563506 0.577636939791761 0.6086762075134168 0.5853327297419647 0.6082289803220036 0.5882752376641014 0.6131484794275492 0.5916704391127207 0.6153846153846154 0.5952919873245812 0.6118067978533095 0.5995925758261657 0.6113595706618963 0.6369397917609778 0.6198568872987478 0.6826618379357176 0.6261180679785331 0.6955636034404709 0.629695885509839 0.7062019013128112 0.629695885509839 0.70597555454957 0.6194096601073346 0.702806699864192 0.6127012522361359 0.702806699864192 0.6091234347048301 0.6989588048890901 0.6042039355992844 0.6966953372566772 0.5916815742397138 0.6973743775464011 0.5881037567084079 0.6935264825712992 0.580948121645796 0.6923947487550928 0.5746869409660107 0.6926210955183341 0.5621645796064401 0.6944318696242644 0.5500894454382826 0.6926210955183341 0.5465116279069767 0.6846989588048891 0.518783542039356 0.6788139429606157 0.5147584973166368 0.6763241285649615 0.5080500894454383 0.6747397012222726 0.4995527728085868 0.6720235400633771 0.4941860465116279 0.6679492983250339 0.49552772808586765 0.6652331371661385 0.4937388193202147 0.6543684925305568 0.4937388193202147 0.6473517428700769 0.48971377459749554 0.6441828881846989 0.4919499105545617 0.6405613399728384 0.49105545617173524 0.637845178813943 0.49239713774597493 0.6294703485740154 0.5004472271914132 0.6265278406518787 0.4964221824686941 0.6249434133091897 0.5013416815742398 0.6274332277048438 0.5026833631484794 0.6290176550475328 0.5084973166368515 0.6265278406518787 0.5129695885509838 0.6233589859665006 0.5143112701252236 0.6192847442281575 0.5120751341681574 0.6156631960162969 0.5152057245080501 0.6154368492530556 0.5201252236135957 0.6088727931190584 0.5214669051878354 0.6070620190131281 0.5254919499105546 0.5975554549569941 0.5317531305903399 0.5857854232684473 0.5268336314847942 0.5882752376641014 0.509391771019678 0.5909913988229968 0.5067084078711985 0.5955183340878225 0.5084973166368515 0.5964237211407877 0.5026833631484794 0.5948392937980986 0.501788908765653 0.5932548664554097 0.4977638640429338 0.5881846989588049 0.4977638640429338 0.585559076505206 0.49552772808586765 0.5866908103214125 0.4915026833631485 0.5851063829787234 0.4874776386404293 0.585559076505206 0.48345259391771017 0.5805794477138977 0.48524150268336314 0.5762788592123133 0.48345259391771017 0.5749207786328655 0.4803220035778175 0.5737890448166592 0.4803220035778175 0.5668854685377999 0.4847942754919499 0.5561339972838388 0.4847942754919499 0.5531914893617021 0.4865831842576029 0.5423268447261205 0.5165474060822898 0.5357627885921231 0.5254919499105546 0.519013128112268 0.5822898032200358 0.517428700769579 0.5831842576028623
7 0.7736532367587143 0.45304114490161 0.7747849705749208 0.4561717352415027 0.7793119058397465 0.45796064400715564 0.7865550022634676 0.4677996422182469 0.7967406066093254 0.47450805008944547 0.8028519692168402 0.4856887298747764 0.8082842915346311 0.4995527728085868 0.8008148483476686 0.5536672629695886 0.7967406066093254 0.5559033989266547 0.7967406066093254 0.5635062611806798 0.7926663648709823 0.5742397137745975 0.7933454051607062 0.5822898032200358 0.7928927116342236 0.592128801431127 0.7951561792666365 0.5983899821109123 0.8057944771389769 0.5992844364937389 0.8186962426437302 0.6055456171735242 0.8191489361702128 0.5966010733452594 0.8274105930285197 0.5961538461538461 0.8300135808057945 0.6006261180679785 0.8291081937528293 0.6024150268336315 0.8293345405160706 0.6055456171735242 0.8397464916251698 0.6095706618962433 0.8528746038931643 0.6113595706618963 0.8553644182888185 0.6086762075134168 0.8571751923947487 0.5992844364937389 0.8569488456315074 0.5957066189624329 0.8594386600271616 0.5849731663685152 0.862154821186057 0.5831842576028623 0.8698506111362607 0.5845259391771019 0.87324581258488 0.5813953488372093 0.8768673607967407 0.5813953488372093 0.8877320054323223 0.575134168157424 0.893843368039837 0.5572450805008945 0.890674513354459 0.5496422182468694 0.8879583521955636 0.5290697674418605 0.882752376641014 0.5214669051878354 0.881167949298325 0.5210196779964222 0.8798098687188773 0.5165474060822898 0.8804889090086012 0.5152057245080501 0.8698506111362607 0.5035778175313059 0.8644182888184699 0.5053667262969589 0.8592123132639203 0.5116279069767442 0.8553644182888185 0.5116279069767442 0.849479402444545 0.5147584973166368 0.8429153463105478 0.48434704830053665 0.846310547759167 0.481216457960644 0.8499320959710276 0.47450805008944547 0.8564961521050249 0.44364937388193204 0.8564961521050249 0.4338103756708408 0.854232684472612 0.3881932021466905 0.8531009506564056 0.38372093023255816 0.8508374830239928 0.38014311270125223 0.8519692168401992 0.36985688729874777 0.8497057492077863 0.34749552772808584 0.8490267089180624 0.32379248658318427 0.8454051607062019 0.3206618962432916 0.8422363060208239 0.3340787119856887 0.8397464916251698 0.34033989266547404 0.8381620642824807 0.3416815742397138 0.838388411045722 0.34525939177101966 0.836803983703033 0.35062611806797855 0.8349932095971028 0.35286225402504473 0.8320507016749661 0.3631484794275492 0.820054323223178 0.3613595706618962 0.8173381620642824 0.35778175313059035 0.8159800814848348 0.3407871198568873 0.8175645088275237 0.32513416815742396 0.8123585332729742 0.3076923076923077 0.8110004526935265 0.29785330948121647 0.8107741059302852 0.2853309481216458 0.8085106382978723 0.28130590339892664 0.8071525577184246 0.2808586762075134 0.8005885015844273 0.30366726296958857 0.8005885015844273 0.30724508050089444 0.7933454051607062 0.32468694096601075 0.7931190583974649 0.3349731663685152 0.7919873245812585 0.33944543828264756 0.789271163422363 0.3470483005366726 0.7861023087369851 0.35196779964221825 0.7854232684472612 0.35912343470483005 0.7894975101856043 0.36404293381037567 0.7883657763693979 0.37075134168157425 0.7863286555002263 0.37298747763864043 0.784517881394296 0.3805903398926655 0.7822544137618832 0.38372093023255816 0.7802172928927117 0.38998211091234347 0.7811226799456767 0.39311270125223613 0.7799909461294704 0.40026833631484793 0.7804436396559529 0.407871198568873 0.7759167043911273 0.4217352415026834 0.7736532367587143 0.43828264758497315 0.7732005432322318 0.44633273703041143 0.7736532367587143 0.45304114490161
7 0.9597102761430512 0.3752236135957066 0.9594839293798099 0.37924865831842575 0.9560887279311906 0.3819320214669052 0.9563150746944319 0.3868515205724508 0.9628791308284291 0.389087656529517 0.9633318243549117 0.39803220035778175 0.9660479855138071 0.4016100178890877 0.9680851063829787 0.4007155635062612 0.9696695337256678 0.39177101967799643 0.9723856948845632 0.3877459749552773 0.9773653236758715 0.387298747763864 0.9814395654142146 0.38953488372093026 0.9848347668628339 0.3868515205724508 0.9877772747849706 0.37656529516994636 0.9868718877320054 0.37209302325581395 0.9857401539157991 0.3278175313059034 0.9843820733363513 0.313953488372093 0.9807605251244907 0.30500894454382826 0.9807605251244907 0.3023255813953488 0.9773653236758715 0.3027728085867621 0.9760072430964237 0.3085867620751342 0.9735174287007696 0.3103756708407871 0.9685377999094613 0.3278175313059034 0.9658216387505658 0.3434704830053667 0.9615210502489815 0.35152057245080504 0.9599366229062924 0.35241502683363146 0.9597102761430512 0.3613595706618962 0.9569941149841558 0.3694096601073345 0.9574468085106383 0.37298747763864043 0.9597102761430512 0.3752236135957066
7 0.5434585785423268 0.38416815742397137 0.5434585785423268 0.3877459749552773 0.5445903123585333 0.38953488372093026 0.5679040289723857 0.3868515205724508 0.5762788592123133 0.3904293381037567 0.5848800362154821 0.39132379248658317 0.5871435038478949 0.3877459749552773 0.5869171570846536 0.37656529516994636 0.5848800362154821 0.3667262969588551 0.5853327297419647 0.3595706618962433 0.5832956088727931 0.3559928443649374 0.5792213671344499 0.33810375670840787 0.5780896333182436 0.3363148479427549 0.5774105930285197 0.3416815742397138 0.5742417383431417 0.3479427549194991 0.5719782707107288 0.35912343470483005 0.5717519239474875 0.37164579606440074 0.5669986419194205 0.36985688729874777 0.5608872793119059 0.35330948121645794 0.5611136260751471 0.34973166368515207 0.5629244001810774 0.34525939177101966 0.5606609325486646 0.33810375670840787 0.5608872793119059 0.3282647584973166 0.5593028519692168 0.32513416815742396 0.5572657311000453 0.3148479427549195 0.555454956994115 0.31753130590339895 0.5529651425984609 0.3278175313059034 0.5502489814395655 0.3443649373881932 0.5495699411498416 0.3555456171735242 0.5466274332277048 0.3618067978533095 0.5454956994114984 0.37880143112701253 0.5434585785423268 0.38416815742397137
7 0.7093707559981892 0.3904293381037567 0.716387505658669 0.3962432915921288 0.7168401991851516 0.4087656529516995 0.7204617473970122 0.41055456171735244 0.7218198279764599 0.407871198568873 0.7222725215029425 0.3962432915921288 0.7270258035310095 0.39132379248658317 0.7304210049796288 0.3940071556350626 0.7342688999547307 0.3949016100178891 0.7349479402444545 0.3935599284436494 0.7347215934812132 0.3555456171735242 0.7331371661385242 0.3488372093023256 0.7342688999547307 0.3416815742397138 0.7331371661385242 0.33765652951699465 0.7315527387958353 0.3170840787119857 0.7274784970574921 0.30456171735241505 0.7238569488456315 0.3076923076923077 0.7209144409234948 0.31797853309481217 0.7172928927116342 0.33765652951699465 0.7168401991851516 0.3470483005366726 0.7116342236306021 0.35912343470483005 0.7120869171570846 0.3622540250447227 0.7105024898143957 0.37298747763864043 0.7111815301041196 0.38014311270125223 0.7093707559981892 0.3904293381037567