0 0.7894985808893094 0.816017316017316 0.8022705771050141 0.8181818181818182 0.8126773888363292 0.8376623376623377 0.8249763481551561 0.8398268398268398 0.8278145695364238 0.8181818181818182 0.8344370860927153 0.6991341991341992 0.826868495742668 0.6861471861471862 0.8169347209082308 0.683982683982684 0.8103122043519394 0.6666666666666666 0.7913907284768212 0.6645021645021645 0.7890255439924314 0.670995670995671 0.7828760643330179 0.7748917748917749 0.78240302743614 0.7987012987012987 0.7894985808893094 0.816017316017316
0 0.7478713339640491 0.8398268398268398 0.7592242194891201 0.8376623376623377 0.7568590350047304 0.8138528138528138 0.7573320719016083 0.7402597402597403 0.7568590350047304 0.7294372294372294 0.7544938505203406 0.7294372294372294 0.7436140018921475 0.8246753246753247 0.7478713339640491 0.8398268398268398
0 0.7421948912015137 0.7229437229437229 0.7421948912015137 0.7294372294372294 0.7365184484389783 0.7857142857142857 0.7355723746452223 0.7878787878787878 0.7355723746452223 0.7943722943722944 0.7374645222327342 0.8008658008658008 0.739356669820246 0.8008658008658008 0.7398297067171239 0.803030303030303 0.7473982970671712 0.803030303030303 0.7488174077578051 0.7987012987012987 0.7473982970671712 0.7878787878787878 0.7464522232734153 0.7727272727272727 0.7469252601702933 0.7705627705627706 0.7469252601702933 0.7597402597402597 0.7464522232734153 0.7575757575757576 0.7469252601702933 0.7510822510822511 0.7469252601702933 0.7272727272727273 0.7473982970671712 0.7251082251082251 0.7473982970671712 0.7142857142857143 0.7469252601702933 0.7121212121212122 0.7473982970671712 0.696969696969697 0.7469252601702933 0.6948051948051948 0.7445600756859035 0.6948051948051948 0.7440870387890255 0.696969696969697 0.7436140018921475 0.70995670995671 0.7421948912015137 0.7229437229437229
1 0.7701040681173131 0.9264069264069265 0.7847682119205298 0.9264069264069265 0.78240302743614 0.9155844155844156 0.7809839167455062 0.8863636363636364 0.78240302743614 0.8051948051948052 0.7786187322611163 0.8051948051948052 0.7667928098391674 0.9112554112554112 0.7701040681173131 0.9264069264069265
1 0.7805108798486282 0.9632034632034632 0.7866603595080416 0.9848484848484849 0.8008514664143803 0.9826839826839827 0.7965941343424787 0.9588744588744589 0.7975402081362346 0.854978354978355 0.7942289498580889 0.8571428571428571 0.7928098391674551 0.8787878787878788 0.7805108798486282 0.9632034632034632
1 0.7578051087984863 0.8787878787878788 0.7715231788079471 0.8787878787878788 0.7686849574266793 0.8614718614718615 0.7682119205298014 0.841991341991342 0.7691579943235572 0.7640692640692641 0.7653736991485336 0.7662337662337663 0.7544938505203406 0.8658008658008658 0.7578051087984863 0.8787878787878788
1 0.8117313150425733 0.9978354978354979 0.8122043519394513 0.9004329004329005 0.8088930936613056 0.9025974025974026 0.8017975402081362 0.9718614718614719 0.7999053926206244 0.9978354978354979 0.8117313150425733 0.9978354978354979
6 0.08136234626300852 0.854978354978355 0.0846736045411542 0.8614718614718615 0.08656575212866603 0.8982683982683982 0.08987701040681173 0.8961038961038961 0.08987701040681173 0.8614718614718615 0.09933774834437085 0.8593073593073594 0.10737937559129612 0.8614718614718615 0.11116367076631978 0.8831168831168831 0.11116367076631978 0.9004329004329005 0.11352885525070956 0.9047619047619048 0.11589403973509933 0.9025974025974026 0.1140018921475875 0.8614718614718615 0.12488174077578051 0.8333333333333334 0.13718070009460737 0.8073593073593074 0.14427625354777673 0.8333333333333334 0.14853358561967833 0.7402597402597403 0.14285714285714285 0.7186147186147186 0.12535477767265846 0.7164502164502164 0.11589403973509933 0.683982683982684 0.10170293282876064 0.6818181818181818 0.097918637653737 0.6883116883116883 0.08609271523178808 0.7705627705627706 0.07521286660359508 0.7878787878787878 0.07426679280983917 0.7987012987012987 0.08136234626300852 0.854978354978355
6 0.16556291390728478 0.7727272727272727 0.1665089877010407 0.7792207792207793 0.17786187322611163 0.7943722943722944 0.17975402081362346 0.803030303030303 0.1816461684011353 0.8051948051948052 0.1868495742667928 0.7943722943722944 0.1892147587511826 0.7943722943722944 0.19394512771996217 0.7857142857142857 0.1967833491012299 0.7857142857142857 0.1977294228949858 0.7813852813852814 0.19631031220435194 0.7619047619047619 0.1934720908230842 0.7489177489177489 0.19299905392620625 0.7424242424242424 0.1892147587511826 0.7294372294372294 0.18779564806054871 0.7294372294372294 0.18495742667928097 0.7121212121212122 0.18637653736991486 0.7077922077922078 0.1859035004730369 0.7012987012987013 0.1816461684011353 0.7012987012987013 0.1750236518448439 0.7121212121212122 0.17549668874172186 0.7142857142857143 0.17455061494796595 0.7251082251082251 0.1684011352885525 0.7337662337662337 0.1665089877010407 0.7467532467532467 0.1650898770104068 0.7575757575757576 0.16556291390728478 0.7727272727272727
7 0.04115421002838222 0.2727272727272727 0.04115421002838222 0.2943722943722944 0.03784295175023652 0.3246753246753247 0.04068117313150426 0.33766233766233766 0.03926206244087039 0.3658008658008658 0.043519394512771994 0.37662337662337664 0.04304635761589404 0.4069264069264069 0.04919583727530748 0.4134199134199134 0.05392620624408704 0.4458874458874459 0.0619678334910123 0.4523809523809524 0.059602649006622516 0.42207792207792205 0.06054872280037843 0.40476190476190477 0.06338694418164617 0.3961038961038961 0.07190160832544938 0.4025974025974026 0.07142857142857142 0.38095238095238093 0.07332071901608325 0.37445887445887444 0.06385998107852413 0.34415584415584416 0.06291390728476821 0.3268398268398268 0.06480605487228004 0.30735930735930733 0.059602649006622516 0.27056277056277056 0.05912961210974456 0.24891774891774893 0.04304635761589404 0.14285714285714285 0.04068117313150426 0.16017316017316016 0.038315988647114475 0.24675324675324675 0.03878902554399243 0.26406926406926406 0.04115421002838222 0.2727272727272727
7 0.2738883632923368 0.24675324675324675 0.2710501419110691 0.27056277056277056 0.26915799432355725 0.3354978354978355 0.27246925260170296 0.354978354978355 0.27010406811731313 0.4004329004329004 0.2857142857142857 0.44155844155844154 0.28666035950804164 0.4675324675324675 0.2913907284768212 0.4696969696969697 0.2956480605487228 0.4458874458874459 0.29375591296121095 0.4134199134199134 0.30368968779564803 0.3722943722943723 0.30132450331125826 0.35714285714285715 0.30368968779564803 0.3333333333333333 0.30274361400189215 0.29004329004329005 0.29990539262062443 0.2683982683982684 0.2890255439924314 0.24458874458874458 0.28807947019867547 0.22943722943722944 0.2956480605487228 0.20346320346320346 0.28382213812677387 0.10173160173160173 0.2847682119205298 0.08658008658008658 0.28240302743614004 0.05844155844155844 0.27909176915799433 0.06493506493506493 0.27341532639545885 0.15584415584415584 0.27483443708609273 0.17316017316017315 0.2710501419110691 0.21428571428571427 0.27341532639545885 0.22510822510822512 0.2738883632923368 0.24675324675324675
7 0.5236518448438978 0.354978354978355 0.521759697256386 0.3874458874458874 0.5255439924314097 0.40476190476190477 0.532166508987701 0.41774891774891776 0.5364238410596026 0.4155844155844156 0.5397350993377483 0.4069264069264069 0.5411542100283823 0.3874458874458874 0.5482497634815515 0.3852813852813853 0.5539262062440871 0.39826839826839827 0.5534531693472091 0.4199134199134199 0.5572374645222328 0.42207792207792205 0.5591296121097445 0.40476190476190477 0.5733207190160833 0.3961038961038961 0.5723746452223274 0.2748917748917749 0.5676442762535477 0.24891774891774893 0.5714285714285714 0.22077922077922077 0.5676442762535477 0.18831168831168832 0.5681173131504257 0.1645021645021645 0.5605487228003785 0.0735930735930736 0.5501419110690634 0.21645021645021645 0.5421002838221382 0.23593073593073594 0.5359508041627247 0.13636363636363635 0.5364238410596026 0.14502164502164502 0.532639545884579 0.15584415584415584 0.5283822138126774 0.20995670995670995 0.5288552507095553 0.23160173160173161 0.5260170293282876 0.2510822510822511 0.521759697256386 0.34415584415584416 0.5236518448438978 0.354978354978355